[-1.8, -1.75, -1.7]
[-1.8, -1.775, -1.75]
[-1.8, -1.7875, -1.775]
[-1.8, -1.79375, -1.7875]
[-1.8, -1.796875, -1.79375]
[-1.796875, -1.7953125, -1.79375]
[-1.796875, -1.79609375, -1.7953125]
[-1.796875, -1.796484375, -1.79609375]
[-1.796875, -1.7966796875, -1.796484375]
[0.5, 0.55, 0.6]
[0.5, 0.525, 0.55]
[0.5, 0.5125, 0.525]
[0.5, 0.50625, 0.5125]
[0.5, 0.503125, 0.50625]
[0.5, 0.5015625, 0.503125]
[0.5015625, 0.50234375, 0.503125]
[0.50234375, 0.502734375, 0.503125]
[0.502734375, 0.5029296875, 0.503125]
[4.0, 4.05, 4.1]
[4.05, 4.075, 4.1]
[4.075, 4.0875, 4.1]
[4.0875, 4.09375, 4.1]
[4.0875, 4.090625, 4.09375]
[4.090625, 4.0921875, 4.09375]
[4.0921875, 4.09296875, 4.09375]
[4.09296875, 4.093359375, 4.09375]
[4.093359375, 4.0935546875, 4.09375]
