 1,100  1,000  2,000  0,500  9,000 
 2,100  1,900  2,000  0,500 -3,000 
 2,100  1,000  2,100  0,500  12,000 
 2,100  1,000  2,000  0,020  5,000 


 1,100  1,900  2,100  0,020 

 0,996  1,900  2,100  0,020  9,000 
 1,100  1,555  2,100  0,020 -3,000 
 1,100  1,900  2,245  0,020  12,000 
 1,100  1,900  2,100  0,020  5,000 


 0,996  1,555  2,245  0,020 

 1,036  1,555  2,245  0,020  9,000 
 0,996  1,565  2,245  0,020 -3,000 
 0,996  1,555  2,357  0,020  12,000 
 0,996  1,555  2,245 -0,041  5,000 


 1,036  1,565  2,357 -0,041 

 1,024  1,565  2,357 -0,041  9,000 
 1,036  1,588  2,357 -0,041 -3,000 
 1,036  1,565  2,360 -0,041  12,000 
 1,036  1,565  2,357 -0,008  5,000 


 1,024  1,588  2,360 -0,008 

